15970197777
15547477712
18796154999
13312111314
13769760066
13533912222
15555566100
18339919401
13556688999
18765409123
15959998818
18866001144
18866001144
15353777709
15502999336
13642942111
15853600065
14769761110
15626867654
15920242444
13942628968
13957582658
13819345999
13937792040
15811111733
13949615599
15137328282
13672860288
15157655765
15007881949
15972222118
13655967816
13817176786
13918198798
18918187878
13243763888
15810281082
13937792040
13801081222
13911286655
15204714898
15919881204
13966924199
15863732773
18664699938
15088007575
18888638793
15871111045
18790868044
13482799881
18965646161
15060608026
13878888967
15558282777
15208240825
13335853899
13980322011
13774717978
18866004400
13821230344
18613138866
13567531222
15307024888
15312718444
15510064234
13551671111
13761611918
15685994444
18977947794
18273307666
13811111182
13969763699
15988199919
13623102333
13128792879
13118562222
13716889798
15900088889
15398266686
15398266686
15398266686
15800638886
13831881177
13811431858
18750932739
15625895666
15333319192
15555523223
15555523233
13901192341
13801313730
18381100883
15236922525
15989368229
13554000000
13705739888
13705732999
13701087056
18600651211
13439100007
13454134134
15980508080
13981111578
13989394445
13052584248
13990003377
13280381000
13971514555
15901334103
15901334103
18092358999
13988500445
15024710789
13777411141
13777411141
15934562841
13599989508
13241766616
18603199626
15231966606
15164046066
13612131415
18718871887
15321899678
13911684819
13911983725
15682353555
13853330081
15013792122
15600031119
15600031118
15600031117
15600031116
18729999907
13819710822
18619710822
15819710822
13401061069
13834391521
18638778311
15071147499
15242524665
18702986877
18666121992
18718141408
15806634680
13701370137
13501350135
13818518666
15106666621
15829952255
13633818331
15937711455
13333973872
13789796969
13331191230
13456769876
15093506237
13821727155
13599099909
13599099999
13981819988
18888651563
18605712356
18607241223
15829942994
13433223444
15882292811
13800138000
13809002372
13060660222
13463221616
15311587288
13261682588
15691915588
3197761111
3197726666
13918599122
15059191817
18919870921
18919118811
18919118811
18618104088
18699990553
18666644438
18622523731
18722111824
13812836407
13820314801
13229599949
13911983725
15880248817
15089435555
18279641858
13810020444
15244666660
13566707477
18219921110
15119921110
15519921110
18238202200
15080400333
13260659197
13838510053
18668881110
18269999979
18010966666
15205390777
13994463300
13911859785
15200026100
15880983466
13991162696
15063116118
15360664480
13755887700
13763834898
15919960689
13950191306
13555593943
13966206648
15989171897
15920097289
13555644495
13715336615
18800180258
15856336666
13201234555
15818647778
13719401127
13811187777
13165159555
15988807239
13811187777
13516833386
18258333331
15957380828
13819940104
13901647230
18318183898
15880683088
15339933888
13893735555
13370170188
13858822288
13566131415
13858822288
13868886888
13910067234
18307409999
15885866866
18059596165
18321521217
13916821555
15816151588
18039189555
13868828376
13655602308
15919992221
18224488994
13579246810
13287114141
13959753143
15851635163
13522772296
15076769270
18754662299
18676543218
15835877888
13539399776
13871111448
18611112581
18888888888
13522136333
13688888887
15165108444
15555555417
18601230000
13510515955
15587184448
13920100922
13575494233
13754695559
13641008822
13902600004
15884767613
15042222259
15042222259
13892138916
13788813031
13788817667
13960219998
13709001989
13910086320
15950565808
15555196530
18937707050
13160619999
15888155550
13701724100
13920925166
15853699981
13929903099
13811183351
13806742111
13758505333
13859277111
15194943030
13922373477
15365606088
15585302888
15551188800
15515609560
18666666655
13558881191
18799777222
13827927777
15900087777
15853176189
15919940811
18297888897
18733141414
18297888897
13588947947
15649913991
18330387654
13918760987
13966663139
13143456768
13306435888
15371379222
13906071669
13888363686
13737273575
13599976214
15987060608
18257881688
13672347111
13229008222
15993336966
13456079788
18607440507
18607390712
18696666604
15023200582
15015222922
18310987655
15917999997
13750092005
13161659111
13669612801
18911825100
13541666615
13669612816
13533339829
15818582787
13480950003
13699115576
13519890204
15719890204
13692997277
18746661074
15551581314
15551581314
13512275652
15010987616
13933110115
13556018600
13461621262
13666337995
13825201388
18738003388
13488834555
13867100088
13937380848
13899088838
13801380825
13430387886
15963637217
15013063106
13901221727
15602556929
18613141913
18931133335
13411228888
18225512050
15010441440
15811102128
13066668918
18749499993
13777355667
15992399935
15808027899
13520111869
13939959156
13962636696
15987080780
13383090833
18341448885
13736763211
15160222209
15175515525
18811428688
13911618888
13567216797
15013456780
13666620400
15666322213
15829952255
15837469939
13813838006
13588947947
13208549520
13123333238
18696789666
18696789000
13393982777
18628880802
15831612157
13813477133
15558889851
13020021210
13520021210
15720021210
18920021210
15120021210
13933123451
18948624862
13078232000
13829916266
13003161016
18674882666
18245881108
13811061983
18801223355
15554437333
18655990619
13488808788
13890894422
13778514999
13795555606
15811555589
18810796066
13735256888
18670700770
18670707066
15191144119
13915180066
13915180606
13819870911
13821400753
15320008882
13929248188
13901325184
15296969696
15770777776
13799272277
13599999887
13533912222
13923246789
15888000815
18888388315
13988501390
15900112346
13433443744
13950007772
13884983399
15061386138
15845201314
18655556155
15622582777
15167675737
15908594017
13983241918
13420111107
13302121722
13525175678
15939964455
13477770707
18600000323
15913319937
15343973333
13419995679
18888719719
18797995555
15383708577
15278706666
13911771733
13167556282
15920060922
13950009050
13620060922
13922373477
13729208888
13729298888
13507710409
13507710416
13778117716
15152182123
13927622688
13920091110
13964008587
13831111148
15134555509
13881788996
18002654321
15338978555
15298520000
15685248888
13510838855
15973557333
15055551113
15377722009
13906063450
13700406067
13777777777
18721155266
18312561256
13860760337
13860760337
15801239567
15501018787
13563260255
18234584567
13088800480
13904311023
15000160006
15084038288
13019961234
13728668116
15558860058
13963300217
13906330217
18759999441
13785466959
15930918160
13717538699
13806069990
13911306028
13911306028
13012427588
13751890398
15526638666
13838383138
13819191978
15261910000
13146771357
15931588893
15060577799
13436666732
13929622699
15020048000
13811833373
18288006666
18918181818
15565000605
15606488898
13758151818
15170398333
15107038883
18600993361
18722651111
13043258888
15679790001
15555557747
15187838333
13122334383
15599003388
13888888888
13805956789
13812345678
13912345678
13905956789
15296098765
15070777777
15218651994
13779229998
13686835020
5337404000
15911187113
13273273273
13424164325
15806006566
13201114615
18832181958
13126122228
13101114615
13001114615
13949990216
18751575958
15666777905
15666777727
13488198846
13806293311
18766558088
13896106788
13423838388
15605961331
18699133377
13867899267
13867899267
13761677890
18732522020
13960219998
13922770718
18601231901
13949336363
13777080508
15303551666
13184331133
18911561113
15203344587
13919810816
13919820816
13777778159
13765057001
13801072004
13502062637
13463221322
13129404888
15166206070
15903000315
15848444884
13999662558
15973035555
13819820902
18266688383
13901374979
13777675706
18007558959
15058855189
13916499222
15260708090
18843122333
18752776277
13915151444
15622221338
13762829589
15657519888
13433444444
13247083228
13366242426
13243763888
13169944999
15059662098
13545619222
13713789789
13881344433
13450099955
18319930514
15036060018
15019920203
14763588838
13819870715
13520988863
13068101101
13637057959
13700353575
13700353575
13675885800
15006065392
18653299995
13860699505
13916584905
15606202578
13891111771
15380855581
13892965678
15191115551
15214284888
15042040888
15536044906
15986150150
18235160319
13911076288
13944328826
15725270888
13924777012
13950149130
18606099187
13808366583
13917375137
13910081709
18210602513
15800189998
13366708355
13269499809
18718013888
13532130666
13810588078
18889723659
13987666568
15518407788
13916260626
18843436543
13213888100
15720933339
13905790579
15988888888
15850088780
15666222888
13901010227
13301085348
13301085431
15088838368
15655577733
13343766668
13717718868
15161981886
15653222266
15320091103
13622112292
13208884444
15860760177
13889295950
18888888888
15652222247
18801088941
13501301003
15999991990
15815881317
13170377333
18866001177
18260008308
13813351798
15555555168
18260001688
13706071872
13517505777
13029666629
13831888899
15003040066
13811080787
13537959997
15580111180
15580111108
13888773344
18777773359
18276763377
15964444438
13897994909
18627224444
13753765736
15555554405
15555554405
13555555555
15829744442
18825099990
15900090000
13967302677
15895556077
18709299939
15979971100
15619539786
18975099999
15367566776
15554082333
18888810086
18819861203
13736542468
13983563568
15938889039
13988902110
13701366303
13366668080
13366668800
15165885658
15901804167
13335557070
13581815900
13860121886
14730383230
15181699555
18388228817
15638651005
13978669466
18866001144
15134784888
13960962244
13617525271
13946112999
13669577776
18950087688
18676555544
15754989666
15754989666
15235389992
13589629666
13928782555
13959127380
15876546888
13972221782
13972221780
13801072004
15137981800
15841100956
15988121833
15057129959
15888588525
15231383138
13621279333
15933260022
13002595592
13910861204
13888888888
13758585858
13888888888
18979999936
18979999915
13960099881
15288900090
13459033599
13699777312
13903118887
13603118887
13669989390
15900005288
15876000111
13459323555
15166628388
15133445259
13896776222
13366277733
18609907447
13911392322
15815115500
15216505886
15811119255
13810457071
13811161118
18555009999
15520000429
15011187789
18905712229
13792923293
13303622630
13783629300
13667422222
15099993333
13287004444
18850010121
15172827282
13953254321
13933715878
13987888856
15933007700
13980780880
13059476543
13059476543
13048212199
13510086765
15100318887
13735018888
18502209229
13323434322
13478019488
15912102555
13168167777
13232108888
15608090507
13666665856
13911110240
15920050723
15920050723
13039999423
13738489995
18771177444
15178798288
15559121888
15390055303
15853765377
15166776677
15866455554
18258900010
18300035575
13608531008
13999904036
15617777222
13888886666
13822220808
13822280808
18952555557
18222419929
18722443661
13400333011
15826285777
15839190890
13911143282
15831988756
15507605888
13869146915
15863335111
13781070181
15958815010
13294444379
13894234118
13828888168
13826666244
15080117700
15860279111
18858266686
18817777861
15856566009
13428782002
18911660715
13663888761
13903131702
15980880808
15083452888
13857930162
15637888870
13927233322
13802129386
15804532532
18101868898
13508140000
18683335555
18999999999
15126012555
13404343218
13918618262
18627711173
15176060789
15512766669
13903307711
13511353125
15616966691
18611222133
15600099499
15600099488
13061632841
18307096888
18307096888
13509320444
13247607888
15290909090
13611852966
13901115577
13901232156
13073738888
18605200250
13881055598
18833111177
15091488777
13411159876
15897878789
15166775776
15553864000
13919981924
15639300878
18922249957
18866505553
18866505553
15711022294
15711022294
15809985258
15680293333
15288990101
18668234561
13243430000
13678766878
13048509292
15239919876
13633666666
13563813377
18261575671
13311211337
15106060119
18702875755
13516698765
13088075055
13968586783
13811612613
13699266567
18801133110
15960906898
13685959588
18600001562
13652258080
13670888880
13906062881
13906062881
15166621668
13788388882
13302698666
13819891121
18143049123
15966816818
13278131314
13779315190
18820001800
13120579999
18911883381
13651026321
13888382382
13905321971
13008884447
13510103355
15851300606
13959812316
13506007256
15160339099
13796868859
18248077654
18787880800
13418676808
18806667308
15605096399
18857997887
18810101025
13163866520
13601333186
18710009080
15600227744
15600011101
15655528282
13999111070
15837773333
18888888888
13933211312
13851081777
13240512222
13929550000
15394269485
18219931314
13588811551
13687297555
15271314520
15311223344
18355125513
13582338585
15233797070
15198885955
15580111180
15580111108
15555828252
18021288588
15196660369
15196660369
13138188138
15915951991
15003955110
13672882683
13869696464
13288877720
13288877720
13910099099
15058855189
18790456778
18790456778
18050705670
13980604440
18755035999
15202099666
15886867168
15543438822
13834468953
15083107333
15236481199
13862100518
13982028082
15602059757
13882288998
13826216488
13826216488
13826216488
13826216488
13826216488
18610080822
13906149999
13976377171
13868675192
13628492843
18734487877
13137676543
13811111923
18258880571
13812881825
15122948898
15257374888
15088806660
13566666835
13860707010
13121199917
13911815290
15517743210
13643477524
13821285787
15007999977
13552439113
13908684838
15926281201
13433333387
18927718888
13609556789
13501205939
15083552833
13456785762
13904076543
13653838686
18222227792
13972712727
18051755333
18765753338
13566956691
18811593593
13171544449
13888888823
13761125221
13814188225
18672277110
15572201022
13773455593
15200005707
18607000110
13461181222
13787201470
13560946005
15766266626
15249388800
13117777790
13909891111
18941891111
18941896666
18724000400
18678800168
13213333177
13405327520
13466229972
13480788077
13734466611
13714280000
18801081989
13462299666
18749199919
18749199919
15536363699
13333337939
13999766987
15681680808
15903358876
13588887204
13944687967
15213285671
18611010125
13976377171
13961556551
13611118255
13961556551
13696408088
15008038222
15090304058
18658018188
18700997744
15888836606
13683434888
15287877297
13913978883
13098483666
13675887565
13945198718
13455551412
18266688383
15101588894
13961662222
13980780880
15503947777
15249685333
13766190123
13850893888
15037311373
13774888880
13145201314
15901098916
13958880201
15169196919
13826829692
13826829692
15298933939
13626666946
15366283131
15999771100
13796868859
15950564600
15041753123
13811211711
13539548000
13539548000
13669639366
15807134444
18239999041
18239999524
15806778765
13906271022
18862772888
13145552000
15880006543
15898691789
15269011188
13926661013
13719801117
15993091112
13249066665
13790066646
15888588487
13844744499
15806325371
13636028333
15161060667
18810001255
13337788888
13073814444
15806778765
15054000062
13004567849
13126654330
13169131888
15029778188
15029778188
18611117485
13888455591
13518707777
13987699949
13759554321
13660999096
18621391979
15137055200
18733730066
13284443333
18629565269
15092207999
15691546000
13940748771
15813377739
15813377722
15050669762
15145595321
13622221016
13901127996
15137007030
13750595555
13033323333
13763454777
13883744488
13991499904
15105392267
13718806931
13964160880
13964160880
15988989399
13366228898
13433777711
15999916811
13924555533
15652021621
18612433333
18612433333
13926968168
18900796618
13700616180
13618598459
15627513668
13928684567
13811026899
13905439999
15037862089
13966689319
18861816188
13068888873
13068888873
18001892835
18001892835
13243212342
13903307711
18605941071
13401069759
13681020826
18766968898
18239999497
14755279888
13366111314
13677556644
13974363456
15954222122
13216051996
13867781997
13867781997
15000060868
15000060868
15619880807
13885201314
15276868186
18738821818
15389488888
13790579750
13919890909
18919890909
18999113332
13699999630
18982211876
18982211876
13147041121
15022233113
15820000314
18520000314
18720000314
13320000314
15320000314
18920000314
15920000314
15920000314
13520000314
15720000314
15286998677
13892858592
15286998677
13089200009
13295257992
18304334000
18304334000
13793555552
13976662919
18324888800
15950006345
15260222909
13693917155
13917779691
13647208888
13903755700
18261860789
13901293393
18810101910
13384001800
13855172887
18738202820
18790869083
13796978388
13796978388
13910200415
13431310303
13955567256
15036777771
18858588550
13628936666
13628936666
15819388808
13006619912
15771717666
18217770444
13599913933
13575505111
15810227882
13301075262
13601075262
13501075262
13811169155
15000150001
15000404098
15100521520
13366664899
15853830003
13911705966
15601020100
13911230116
15601020100
13905999999
13905991314
13905993344
13905991122
13905990011
13905990088
13905998800
13489608888
13500359456
18609021860
13579654321
13670171488
13212345377
18705040107
18630006828
13988410081
18025106788
13871184333
13720000314
15520000314
15620000314
18766888375
15003170906
13321772177
15627554455
13991990011
13599494919
13118002009
13260400666
15649995222
13077537777
18628381811
18319341555
18758757575
18703311324
13622903000
13205027711
13205021155
13205020011
13067212727
13067211313
13055756161
15559655592
15936888700
18655535555
18846111164
18720372037
13933353656
13958130007
15007999977
13264060216
13662663030
13818863620
18066680808
18618181831
13901596010
13222929292
15999553312
13775411110
13677994311
13581555666
13915792555
15690660809
15538841987
18801119828
18313030102
18313030102
13519881115
13888888888
15555555555
13785656800
13118444445
13118444445
13331003031
18764632888
13601055361
13601086371
13601257372
15898866586
13480522229
18876337777
18876337777
18946779929
13736606604
13356881100
18866266166
13855722255
13855722255
15036154000
13810260808
15668258111
13581528128
13180837583
15677773231
18266210408
13947466606
18610212001
13986218887
18781189099
13575799881
15279317999
15966090900
15588115676
13056499992
13032586288
13160345553
15288618886
13991348258
15000054321
13666282626
15336660333
18233797678
13920260623
18957888868
15618388689
13067119797
13055755959
13067118585
15507666660
13838318886
13511091139
18217618868
15044112121
13777677333
15194899669
15518933888
13466712861
13911188651
13435214111
13860079600
15097005400
15206067520
15682559922
13668685399
15322222286
15822362345
13422704040
15952338888
13249966111
13701128531
13701129707
13701106131
13507782588
15155541996
13901354854
13819750925
13677158888
13950000008
15001020822
13633117271
15268626596
18753384848
18667616668
15350836086
15671452222
13849999929
18866868676
15666232723
18888377796
15531910411
13819830413
15001082920
18733322355
13287666608
15952998588
18200222286
13799779798
13044448118
15965716663
13246664987
13805398735
13557555195
13677753179
15899899918
13287666608
13299999978
18852101166
15002505520
15036061873
13917195454
13511445559
13958669969
13181888019
18688269990
15139992313
13833433580
18356666659
13631166136
18265833368
15102569277
13020939302
15287878666
13806077088
18553215553
18939005553
13121111928
13923000035
13995049123
18221112662
15809140123
15991997333
18220999920
13738171785
15000004056
13903307711
18911563533
18824994333
13305150500
13666826911
15522222212
13422071262
18876735600
13918803910
18656666690
15222789520
15281812525
13777434000
15982378808
13266699996
13662699520
13662699520
13334885388
15277777263
13240401818
13428177666
15537569666
18177359919
14777880990
13552733367
13549222555
15086533338
15117333378
15002407022
13544274427
15805466615
15555523223
15555523233
13901192341
13801313730
18381100883
15236922525
15989368229
13554000000
15071147499
15242524665
18702986877
18666121992
18718141408
15806634680
13701370137
13501350135
13818518666
15106666621
15829952255
15856336666
13201234555
15818647778
13719401127
13811187777
13165159555
15988807239
13811187777
13516833386
18258333331
15957380828
13819940104
13901647230
13811183351
13806742111
13758505333
13859277111
15194943030
13922373477
15365606088
15585302888
15551188800
18341448885
13736763211
15160222209
15175515525
18811428688
13911618888
13567216797
15013456780
13666620400
15666322213
15829952255
15837469939
13813838006
13778117716
15152182123
13927622688
13920091110
18722651111
13043258888
15679790001
15555557747
15187838333
13122334383
15599003388
13888888888
13805956789
13812345678
13912345678
13905956789
15296098765
13762829589
15657519888
13433444444
13247083228
13366242426
13243763888
13169944999
15059662098
13545619222
13713789789
13881344433
13450099955
18319930514
13889295950
18888888888
15652222247
18801088941
13501301003
15999991990
15815881317
13170377333
18866001177
13860121886
14730383230
15181699555
18388228817
15638651005
13978669466
18866001144
